
$orca_hessian_file

$act_atom
  0

$act_coord
  0

$act_energy
        0.000000

$multiplicity
  1

$hessian
15
                    0                  1                  2                  3                  4        
    0      9.2108808546E-02  -1.6601609721E-02   1.2834354895E-06   1.5384801372E-02  -6.4225615353E-02
    1     -1.6601609721E-02   8.7442762799E-01  -2.4179966216E-05  -6.2633558017E-02  -9.0548750984E-02
    2      1.2834354895E-06  -2.4179966216E-05   2.8772739310E-02   2.2129306114E-06   1.3069417807E-06
    3      1.5384801372E-02  -6.2633558017E-02   2.2129306114E-06   3.9878731154E-01   2.6513815085E-02
    4     -6.4225615353E-02  -9.0548750984E-02   1.3069417807E-06   2.6513815085E-02   7.0144013572E-01
    5     -2.6593266639E-07  -1.3467608227E-06   1.1608972875E-02   4.2618489395E-06   5.0591740490E-06
    6     -1.1116177182E-01   7.8353833110E-02  -3.8135001735E-06  -3.0758165361E-01  -1.0988059571E-01
    7      5.5527480328E-02  -7.5471638874E-01   2.0311395027E-05  -2.9748436157E-02  -1.4009048481E-01
    8     -5.8119529620E-07   2.2653531784E-05  -7.1027172144E-02  -3.1492400846E-06  -3.0409556079E-06
    9     -6.1901541677E-03  -4.9081123557E-03  -2.3627032792E-07  -7.3426670759E-02   1.4313963171E-01
   10     -5.1094368060E-03   4.8977169739E-03   8.5078036057E-07   9.0354333300E-02  -4.7856779769E-01
   11      3.3096413581E-08   1.0072815354E-06   7.9455832177E-03  -8.9067136119E-07  -2.6323347017E-06
   12      9.8583160677E-03   5.7999758266E-03   5.5663273822E-07  -3.3163788540E-02   4.5188972645E-03
   13      3.0398652708E-02  -3.4060205233E-02   1.0949809280E-06  -2.4552287206E-02   7.7668977583E-03
   14     -4.7263227816E-07   2.4817818386E-06   2.2699876742E-02  -2.0443271304E-06  -2.0610718896E-07
                    5                  6                  7                  8                  9        
    0     -2.6593266639E-07  -1.1116177182E-01   5.5527480328E-02  -5.8119529620E-07  -6.1901541677E-03
    1     -1.3467608227E-06   7.8353833110E-02  -7.5471638874E-01   2.2653531784E-05  -4.9081123557E-03
    2      1.1608972875E-02  -3.8135001735E-06   2.0311395027E-05  -7.1027172144E-02  -2.3627032792E-07
    3      4.2618489395E-06  -3.0758165361E-01  -2.9748436157E-02  -3.1492400846E-06  -7.3426670759E-02
    4      5.0591740490E-06  -1.0988059571E-01  -1.4009048481E-01  -3.0409556079E-06   1.4313963171E-01
    5      2.6427016855E-02  -4.2288104535E-06   1.1749344390E-06  -4.9192324349E-02  -8.2815982603E-07
    6     -4.2288104535E-06   6.5365094721E-01  -8.8677151527E-02  -2.7473062127E-06   7.6556500968E-03
    7      1.1749344390E-06  -8.8677151527E-02   1.0431050523E+00  -1.3952170766E-05  -4.3564815693E-02
    8     -4.9192324349E-02  -2.7473062127E-06  -1.3952170766E-05   1.9474409671E-01   4.6807563831E-07
    9     -8.2815982603E-07   7.6556500968E-03  -4.3564815693E-02   4.6807563831E-07   7.2572496992E-02
   10     -4.7078555458E-06   7.4252985864E-03  -2.9325299493E-02   5.9405121486E-07  -9.4388429724E-02
   11     -1.0424090698E-02   4.9265252267E-07  -2.5811380062E-06  -6.8571771920E-03   3.7969839940E-07
   12      6.7051303168E-07  -2.4256317188E-01   1.0638840172E-01   5.9097222889E-06  -6.1132216272E-04
   13     -6.6621045079E-07   1.1285313686E-01  -1.1897287924E-01  -4.2861116329E-06  -2.7659165575E-04
   14      2.1580425318E-02   1.0396907983E-05  -6.9213656865E-06  -6.7667423029E-02   1.8025443264E-07
                   10                 11                 12                 13                 14        
    0     -5.1094368060E-03   3.3096413581E-08   9.8583160677E-03   3.0398652708E-02  -4.7263227816E-07
    1      4.8977169739E-03   1.0072815354E-06   5.7999758266E-03  -3.4060205233E-02   2.4817818386E-06
    2      8.5078036057E-07   7.9455832177E-03   5.5663273822E-07   1.0949809280E-06   2.2699876742E-02
    3      9.0354333300E-02  -8.9067136119E-07  -3.3163788540E-02  -2.4552287206E-02  -2.0443271304E-06
    4     -4.7856779769E-01  -2.6323347017E-06   4.5188972645E-03   7.7668977583E-03  -2.0610718896E-07
    5     -4.7078555458E-06  -1.0424090698E-02   6.7051303168E-07  -6.6621045079E-07   2.1580425318E-02
    6      7.4252985864E-03   4.9265252267E-07  -2.4256317188E-01   1.1285313686E-01   1.0396907983E-05
    7     -2.9325299493E-02  -2.5811380062E-06   1.0638840172E-01  -1.1897287924E-01  -6.9213656865E-06
    8      5.9405121486E-07  -6.8571771920E-03   5.9097222889E-06  -4.2861116329E-06  -6.7667423029E-02
    9     -9.4388429724E-02   3.7969839940E-07  -6.1132216272E-04  -2.7659165575E-04   1.8025443264E-07
   10      5.0069531414E-01   3.6527902780E-06   1.7165523658E-03   2.3000660647E-03  -1.4390364425E-07
   11      3.6527902780E-06   1.1046625340E-02   2.1625709142E-08   3.0753823112E-07  -1.7109406678E-03
   12      1.7165523658E-03   2.1625709142E-08   2.6647996651E-01  -1.1842336894E-01  -7.6093483877E-06
   13      2.3000660647E-03   3.0753823112E-07  -1.1842336894E-01   1.4296612065E-01   4.1696988029E-06
   14     -1.4390364425E-07  -1.7109406678E-03  -7.6093483877E-06   4.1696988029E-06   2.5098061637E-02

$vibrational_frequencies
15
    0        0.0000000000000000
    1        0.0000000000000000
    2        0.0000000000000000
    3        0.0000000000000000
    4        0.0000000000000000
    5        0.0000000000000000
    6      575.7730014356470747
    7      674.6565035974433613
    8     1065.0856014414027868
    9     1174.5956707674938571
   10     1285.3858548411192260
   11     1426.0028878680047910
   12     1824.0282503572361748
   13     3093.9807573779999075
   14     3806.0738378490505056

$normal_modes
15 15
                    0                  1                  2                  3                  4        
    0      0.0000000000E+00   0.0000000000E+00   0.0000000000E+00   0.0000000000E+00   0.0000000000E+00
    1      0.0000000000E+00   0.0000000000E+00   0.0000000000E+00   0.0000000000E+00   0.0000000000E+00
    2      0.0000000000E+00   0.0000000000E+00   0.0000000000E+00   0.0000000000E+00   0.0000000000E+00
    3      0.0000000000E+00   0.0000000000E+00   0.0000000000E+00   0.0000000000E+00   0.0000000000E+00
    4      0.0000000000E+00   0.0000000000E+00   0.0000000000E+00   0.0000000000E+00   0.0000000000E+00
    5      0.0000000000E+00   0.0000000000E+00   0.0000000000E+00   0.0000000000E+00   0.0000000000E+00
    6      0.0000000000E+00   0.0000000000E+00   0.0000000000E+00   0.0000000000E+00   0.0000000000E+00
    7      0.0000000000E+00   0.0000000000E+00   0.0000000000E+00   0.0000000000E+00   0.0000000000E+00
    8      0.0000000000E+00   0.0000000000E+00   0.0000000000E+00   0.0000000000E+00   0.0000000000E+00
    9      0.0000000000E+00   0.0000000000E+00   0.0000000000E+00   0.0000000000E+00   0.0000000000E+00
   10      0.0000000000E+00   0.0000000000E+00   0.0000000000E+00   0.0000000000E+00   0.0000000000E+00
   11      0.0000000000E+00   0.0000000000E+00   0.0000000000E+00   0.0000000000E+00   0.0000000000E+00
   12      0.0000000000E+00   0.0000000000E+00   0.0000000000E+00   0.0000000000E+00   0.0000000000E+00
   13      0.0000000000E+00   0.0000000000E+00   0.0000000000E+00   0.0000000000E+00   0.0000000000E+00
   14      0.0000000000E+00   0.0000000000E+00   0.0000000000E+00   0.0000000000E+00   0.0000000000E+00
                    5                  6                  7                  8                  9        
    0      0.0000000000E+00   2.4280336000E-06   3.0464876903E-01  -1.8807115501E-06  -4.5289567992E-03
    1      0.0000000000E+00  -4.6164877603E-07   2.1512989735E-01   9.4611217552E-07  -9.2666185675E-02
    2      0.0000000000E+00  -4.6186911357E-02   8.2550567321E-06   5.9006446247E-02   2.2491800516E-06
    3      0.0000000000E+00  -1.8935519132E-06  -1.0190250332E-01   3.9370700198E-06   1.1084618392E-01
    4      0.0000000000E+00  -1.5169864263E-06  -3.3808779238E-01   3.5753021073E-06   1.2219689771E-01
    5      0.0000000000E+00   5.9038992195E-02   7.9712532297E-06   4.9600968564E-02   2.0147231517E-06
    6      0.0000000000E+00  -3.2155790516E-06  -2.9914616564E-01  -4.2519375887E-06  -1.8535662150E-01
    7      0.0000000000E+00   1.2360786121E-06   1.6914582873E-01  -4.6599303198E-06  -4.2597209335E-02
    8      0.0000000000E+00   5.3871335040E-02  -2.2093116420E-05  -2.2567985990E-01  -4.8007567375E-06
    9      0.0000000000E+00   2.8851331880E-05   6.8330336957E-01  -9.2789918264E-06   8.3004556594E-01
   10      0.0000000000E+00   1.2584919460E-05  -1.6567184694E-01   1.7987645923E-06   2.8670719552E-01
   11      0.0000000000E+00  -9.8584703879E-01   3.6481793438E-05  -5.8212963545E-03   2.0107091155E-05
   12      0.0000000000E+00   9.8115570101E-07  -3.3676855781E-01   2.7305125974E-05  -3.0886593888E-01
   13      0.0000000000E+00   4.0913150572E-06   1.0177582871E-01  -1.8036546377E-05  -2.4784487454E-01
   14      0.0000000000E+00   1.3994520696E-01  -3.0771785265E-05   9.7112959760E-01  -3.0579609186E-05
                   10                 11                 12                 13                 14        
    0     -2.9983970128E-02  -3.3110271524E-02  -1.9427387911E-02   6.7605181034E-04   6.6935687525E-05
    1     -3.3265314418E-02   7.3242489437E-02   4.0443087932E-01  -4.1050650860E-03   1.5545462162E-03
    2      1.5765907747E-06  -1.4330927746E-06  -1.6330102367E-05   6.1236555480E-07  -9.9070771610E-08
    3     -1.9041720137E-01   1.1176489944E-02  -2.4644832601E-02   1.2393521197E-03   1.2084413411E-02
    4     -1.1105357829E-02  -2.4507405964E-02   4.6347512158E-02  -2.9244363775E-04  -6.1525371277E-02
    5     -4.7849073032E-06  -1.4882913901E-06   4.0113060903E-07   5.7004164007E-07  -4.7488900871E-07
    6      2.0171253038E-01   7.2840965444E-02  -1.8396999295E-02  -7.3029637500E-02   1.6142932887E-03
    7      4.1958019718E-02   1.1929615280E-02  -6.1871453987E-01   4.8990755370E-02  -2.3655459468E-03
    8     -3.9638129671E-07   3.5118750002E-06   1.7871266614E-05   1.2672978832E-06   1.7303698830E-07
    9      9.1464072436E-01  -5.8739203833E-02   4.1239127804E-01  -1.1803851361E-02  -2.1180416802E-01
   10      2.2321945493E-01  -3.8257082666E-02   1.1272631542E-01   2.6427183323E-03   9.7528159230E-01
   11      2.5900055205E-05  -6.9719823418E-06   2.7666678383E-05  -1.6704221916E-06   7.0349878941E-06
   12      1.8003104197E-01  -4.6107653471E-01   5.0633671253E-01   8.5159991141E-01  -2.9772774248E-04
   13     -1.8925198530E-02  -8.7741673640E-01   1.0490945151E-01  -5.1660325472E-01   4.7638467090E-03
   14      2.9745571674E-05   1.1493901611E-05   1.2210142908E-05  -3.2197482160E-05   1.3062957942E-08

#
# The atoms: label  mass x y z (in bohrs)
#
$atoms
5
 O     15.99900      0.680624855656     2.064150441741    -0.000036390159
 O     15.99900     -1.346836054265    -1.602936134822    -0.000007513080
 C     12.01100      0.754632443309    -0.219299767969     0.000062115744
 H      1.00800     -0.937299577850    -3.388531962070    -0.000020559195
 H      1.00800      2.519464944862    -1.318767822973    -0.000022758545

$actual_temperature
  0.000000

$frequency_scale_factor
  1.000000

$dipole_derivatives
15
   -6.7668087292E-01    8.2733463481E-02    1.4513563618E-06
   -2.8035056036E-01   -1.6942297653E+00   -6.8512218219E-06
   -1.8274197630E-05   -3.5884840551E-05   -5.0530639142E-01
   -1.1316724164E+00   -9.1292692714E-01    1.2370001906E-05
   -4.9252856936E-01   -1.1431633227E+00   -1.2319651198E-06
   -1.0241650546E-05   -2.5588686078E-05   -4.8412791566E-01
    1.5133003216E+00    7.0247831038E-01   -2.4333727126E-06
    6.2404072082E-01    2.3983245779E+00    2.3244881992E-06
    1.7852710266E-05   -1.0384137781E-05    3.8301934696E-01
    3.4320862612E-01    6.5066775637E-02   -3.7078181371E-06
    6.7055443161E-02    4.6130910200E-01    2.1154493926E-06
   -1.1112574186E-05   -1.1587339651E-05    4.5469741614E-01
   -4.7906915497E-02    6.2598540631E-02   -7.6992687765E-06
    8.1656578481E-02   -2.2227410803E-02    3.6726848950E-06
    1.6235662914E-05   -1.4051253202E-05    1.5182074931E-01

#
# The IR spectrum
#  wavenumber eps Int TX TY TZ
#
$ir_spectrum
15
      0.00   0.00000000   0.00000000     0.000000     0.000000     0.000000
      0.00   0.00000000   0.00000000     0.000000     0.000000     0.000000
      0.00   0.00000000   0.00000000     0.000000     0.000000     0.000000
      0.00   0.00000000   0.00000000     0.000000     0.000000     0.000000
      0.00   0.00000000   0.00000000     0.000000     0.000000     0.000000
      0.00   0.00000000   0.00000000     0.000000     0.000000     0.000000
    575.77   0.02907545 146.93538856     0.000007     0.000007    -0.125533
    674.66   0.00264016  13.34228614    -0.010017     0.033479    -0.000001
   1065.09   0.00000238   0.01202482    -0.000002    -0.000007     0.000835
   1174.60   0.00476712  24.09105142    -0.026798    -0.023418     0.000000
   1285.39   0.11692264 590.87907603     0.136125     0.099279     0.000002
   1426.00   0.00094963   4.79905023     0.008847    -0.011382     0.000000
   1824.03   0.11430416 577.64638734    -0.024561    -0.137668     0.000001
   3093.98   0.00828506  41.86931274    -0.022326     0.018362    -0.000002
   3806.07   0.04309533 217.78613566     0.001244     0.059430     0.000001


$end

